{
 "cells": [
  {
   "cell_type": "code",
   "execution_count": 1,
   "id": "160e511e-2973-407a-a9d5-9937e7b5197f",
   "metadata": {},
   "outputs": [],
   "source": [
    "import numpy as np"
   ]
  },
  {
   "cell_type": "code",
   "execution_count": 4,
   "id": "9bebcdc2-da45-4a73-87e3-0072f431a5e7",
   "metadata": {},
   "outputs": [
    {
     "data": {
      "text/plain": [
       "array([1, 2, 3, 4, 5])"
      ]
     },
     "execution_count": 4,
     "metadata": {},
     "output_type": "execute_result"
    }
   ],
   "source": [
    "a = np.array([1,2,3,4,5])\n",
    "a"
   ]
  },
  {
   "cell_type": "code",
   "execution_count": 3,
   "id": "8e543d63-0cc9-420a-ae20-c4e991dbfcc1",
   "metadata": {},
   "outputs": [
    {
     "name": "stdout",
     "output_type": "stream",
     "text": [
      "(5,)\n"
     ]
    }
   ],
   "source": [
    "print(a.shape)"
   ]
  },
  {
   "cell_type": "code",
   "execution_count": 5,
   "id": "f2010883-2638-474c-aaad-d9a4f494153d",
   "metadata": {},
   "outputs": [
    {
     "data": {
      "text/plain": [
       "3"
      ]
     },
     "execution_count": 5,
     "metadata": {},
     "output_type": "execute_result"
    }
   ],
   "source": [
    "a[2]"
   ]
  },
  {
   "cell_type": "code",
   "execution_count": 6,
   "id": "1010190f-42ef-4f16-b2b2-53b805d45a80",
   "metadata": {},
   "outputs": [
    {
     "data": {
      "text/plain": [
       "5"
      ]
     },
     "execution_count": 6,
     "metadata": {},
     "output_type": "execute_result"
    }
   ],
   "source": [
    "a[4]"
   ]
  },
  {
   "cell_type": "code",
   "execution_count": 7,
   "id": "28d27596-6089-47f0-b3da-1926ef45a3d8",
   "metadata": {},
   "outputs": [
    {
     "data": {
      "text/plain": [
       "5"
      ]
     },
     "execution_count": 7,
     "metadata": {},
     "output_type": "execute_result"
    }
   ],
   "source": [
    "a[-1]"
   ]
  },
  {
   "cell_type": "code",
   "execution_count": 8,
   "id": "61825a9d-ac74-4d24-a19b-12ddcb4fcea8",
   "metadata": {},
   "outputs": [
    {
     "data": {
      "text/plain": [
       "15"
      ]
     },
     "execution_count": 8,
     "metadata": {},
     "output_type": "execute_result"
    }
   ],
   "source": [
    "b = np.sum(a)\n",
    "b"
   ]
  },
  {
   "cell_type": "code",
   "execution_count": 9,
   "id": "c9974dc0-8049-4b3f-b1bb-73f6e1b01aaf",
   "metadata": {},
   "outputs": [
    {
     "data": {
      "text/plain": [
       "array([], dtype=float64)"
      ]
     },
     "execution_count": 9,
     "metadata": {},
     "output_type": "execute_result"
    }
   ],
   "source": [
    "a = np.array([])\n",
    "a"
   ]
  },
  {
   "cell_type": "code",
   "execution_count": 10,
   "id": "ca646f59-aba2-4ef2-940b-2e8b5496d784",
   "metadata": {},
   "outputs": [
    {
     "data": {
      "text/plain": [
       "array([0., 0., 0., 0., 0., 0., 0., 0., 0., 0., 0., 0., 0., 0., 0., 0., 0.,\n",
       "       0., 0., 0.])"
      ]
     },
     "execution_count": 10,
     "metadata": {},
     "output_type": "execute_result"
    }
   ],
   "source": [
    "a = np.zeros(20)\n",
    "a"
   ]
  },
  {
   "cell_type": "code",
   "execution_count": 12,
   "id": "76421e28-f268-4a50-a0ff-664607b24c70",
   "metadata": {},
   "outputs": [
    {
     "data": {
      "text/plain": [
       "array([0, 0, 0, 0, 0, 0, 0, 0, 0, 0, 0, 0, 0, 0, 0, 0, 0, 0, 0, 0],\n",
       "      dtype=int8)"
      ]
     },
     "execution_count": 12,
     "metadata": {},
     "output_type": "execute_result"
    }
   ],
   "source": [
    "b = n"
   ]
  },
  {
   "cell_type": "code",
   "execution_count": 14,
   "id": "2678193e-16e9-410e-96a3-79c209cf904f",
   "metadata": {},
   "outputs": [
    {
     "ename": "TypeError",
     "evalue": "'_typedict' object is not callable",
     "output_type": "error",
     "traceback": [
      "\u001b[1;31m---------------------------------------------------------------------------\u001b[0m",
      "\u001b[1;31mTypeError\u001b[0m                                 Traceback (most recent call last)",
      "Cell \u001b[1;32mIn[14], line 1\u001b[0m\n\u001b[1;32m----> 1\u001b[0m \u001b[43mnp\u001b[49m\u001b[38;5;241;43m.\u001b[39;49m\u001b[43mnbytes\u001b[49m\u001b[43m(\u001b[49m\u001b[43ma\u001b[49m\u001b[43m)\u001b[49m\n",
      "\u001b[1;31mTypeError\u001b[0m: '_typedict' object is not callable"
     ]
    }
   ],
   "source": [
    "np.nbytes(a)"
   ]
  },
  {
   "cell_type": "code",
   "execution_count": 16,
   "id": "01579627-962a-432a-bb7e-ae525996f28f",
   "metadata": {},
   "outputs": [
    {
     "data": {
      "text/plain": [
       "160"
      ]
     },
     "execution_count": 16,
     "metadata": {},
     "output_type": "execute_result"
    }
   ],
   "source": [
    "a.nbytes"
   ]
  },
  {
   "cell_type": "code",
   "execution_count": 17,
   "id": "be9b08c1-fb7a-4601-822b-4a947e364789",
   "metadata": {},
   "outputs": [
    {
     "data": {
      "text/plain": [
       "array([[0.80299084, 0.64491786, 0.98758166, 0.17817298, 0.02153146,\n",
       "        0.6311936 , 0.83123012, 0.81309017, 0.43140199, 0.58460627,\n",
       "        0.32283052, 0.34794096, 0.88479479, 0.86078248, 0.32161881,\n",
       "        0.8591462 , 0.06297217, 0.52374801, 0.59840717, 0.57214573,\n",
       "        0.41584333, 0.83841493, 0.08444519, 0.2821446 , 0.77395994,\n",
       "        0.6811554 , 0.82316566, 0.64275741, 0.58832448, 0.40392847,\n",
       "        0.51896462, 0.32849456, 0.5992877 , 0.19803216, 0.38169642,\n",
       "        0.10654514, 0.05300233, 0.12322578, 0.1129645 , 0.5842339 ,\n",
       "        0.25089555, 0.30754491, 0.94616112, 0.35747962, 0.32616535],\n",
       "       [0.76453363, 0.18770779, 0.58238272, 0.51545286, 0.9115219 ,\n",
       "        0.24926631, 0.80331182, 0.92457567, 0.99121572, 0.40262408,\n",
       "        0.80356284, 0.63634906, 0.56038521, 0.35587782, 0.17115247,\n",
       "        0.07717931, 0.99827089, 0.3742399 , 0.23407113, 0.62648502,\n",
       "        0.50833609, 0.81520703, 0.83892073, 0.85188889, 0.43760505,\n",
       "        0.55453263, 0.87610607, 0.16720306, 0.96271056, 0.4012729 ,\n",
       "        0.79207989, 0.67941423, 0.31047186, 0.46249715, 0.17655672,\n",
       "        0.30807572, 0.52860873, 0.25588274, 0.07540181, 0.32477134,\n",
       "        0.05157647, 0.64221209, 0.43452786, 0.11138884, 0.06908755],\n",
       "       [0.78299062, 0.46011949, 0.87988447, 0.85252568, 0.62651833,\n",
       "        0.37487191, 0.39739354, 0.89683783, 0.87874974, 0.62203811,\n",
       "        0.83968785, 0.33280419, 0.41722681, 0.65822445, 0.40544223,\n",
       "        0.42337961, 0.07814561, 0.14749689, 0.0541707 , 0.6373243 ,\n",
       "        0.7565025 , 0.17952122, 0.37060399, 0.20406164, 0.90431369,\n",
       "        0.80063338, 0.69999406, 0.36363891, 0.1584239 , 0.50304294,\n",
       "        0.30328783, 0.97071733, 0.1675718 , 0.05673862, 0.65045546,\n",
       "        0.77834335, 0.09945132, 0.48144229, 0.84688578, 0.25382328,\n",
       "        0.36242466, 0.92257608, 0.53831192, 0.10968226, 0.32218484],\n",
       "       [0.68667855, 0.65161733, 0.23520445, 0.25133395, 0.20988377,\n",
       "        0.30100186, 0.27380502, 0.82135207, 0.23899448, 0.33289226,\n",
       "        0.76434333, 0.85471109, 0.22914306, 0.1304429 , 0.10708923,\n",
       "        0.52354354, 0.12984635, 0.23850821, 0.04912679, 0.31939351,\n",
       "        0.64136093, 0.26036794, 0.53774799, 0.54558385, 0.48692254,\n",
       "        0.55883067, 0.15509189, 0.07002903, 0.43881388, 0.72556727,\n",
       "        0.66712107, 0.13969113, 0.54318364, 0.155108  , 0.1011813 ,\n",
       "        0.57434794, 0.15281614, 0.38615751, 0.96706843, 0.62955659,\n",
       "        0.54851921, 0.57400846, 0.95121782, 0.14810566, 0.65779128],\n",
       "       [0.68580341, 0.17289635, 0.63076045, 0.7947957 , 0.71996855,\n",
       "        0.58407216, 0.79719443, 0.73334635, 0.2379127 , 0.77280084,\n",
       "        0.70175594, 0.87379096, 0.74347955, 0.10297389, 0.58205318,\n",
       "        0.67170987, 0.70564908, 0.71129808, 0.31417382, 0.46069588,\n",
       "        0.58749445, 0.45554764, 0.1696116 , 0.53183819, 0.943425  ,\n",
       "        0.65153517, 0.68717691, 0.04901025, 0.06790519, 0.73068016,\n",
       "        0.51368601, 0.37755915, 0.23047746, 0.08481361, 0.62094309,\n",
       "        0.94510736, 0.99640644, 0.39065702, 0.29110902, 0.95688342,\n",
       "        0.72225788, 0.51981962, 0.92191348, 0.63765284, 0.41407809],\n",
       "       [0.7757722 , 0.30041232, 0.06484341, 0.32116785, 0.96351181,\n",
       "        0.34812846, 0.94290095, 0.48611542, 0.62119239, 0.34855216,\n",
       "        0.84892514, 0.85477049, 0.3745767 , 0.65359567, 0.51687599,\n",
       "        0.37216733, 0.51302069, 0.7596881 , 0.07475802, 0.97992483,\n",
       "        0.52581496, 0.21501369, 0.63409036, 0.60043755, 0.55112856,\n",
       "        0.68808333, 0.96514945, 0.93358077, 0.18425209, 0.83681429,\n",
       "        0.34295157, 0.01099937, 0.80618972, 0.57881497, 0.26152131,\n",
       "        0.09522053, 0.69020552, 0.64342133, 0.20494849, 0.91643036,\n",
       "        0.33145426, 0.40945242, 0.04399547, 0.47870804, 0.35860905],\n",
       "       [0.75959803, 0.99458889, 0.03038699, 0.56959394, 0.17329662,\n",
       "        0.49323913, 0.76449413, 0.26898528, 0.49993533, 0.79721278,\n",
       "        0.95789088, 0.38263096, 0.41023933, 0.9760458 , 0.50989762,\n",
       "        0.33186556, 0.75200351, 0.39914978, 0.76457484, 0.88595968,\n",
       "        0.69128289, 0.82772192, 0.48908572, 0.87113083, 0.81330416,\n",
       "        0.10818131, 0.1851122 , 0.28884424, 0.03029599, 0.39614821,\n",
       "        0.06177866, 0.5294222 , 0.57550674, 0.92366052, 0.60526168,\n",
       "        0.74804078, 0.03520279, 0.01255233, 0.78903968, 0.42708974,\n",
       "        0.98945357, 0.54360263, 0.67603547, 0.29891169, 0.37784419],\n",
       "       [0.34297565, 0.16387383, 0.56300343, 0.54267777, 0.63530611,\n",
       "        0.89813675, 0.6056428 , 0.51305979, 0.44997828, 0.35602398,\n",
       "        0.87329059, 0.0910423 , 0.99354074, 0.23233939, 0.94047302,\n",
       "        0.26743206, 0.43114725, 0.62753361, 0.36662513, 0.05076599,\n",
       "        0.33436532, 0.81580646, 0.10205186, 0.11199665, 0.34585704,\n",
       "        0.75286057, 0.97153457, 0.89228439, 0.39395739, 0.93496955,\n",
       "        0.54515904, 0.26801547, 0.86367048, 0.41136743, 0.92601981,\n",
       "        0.38476805, 0.40085676, 0.95461375, 0.20143609, 0.61244328,\n",
       "        0.54276824, 0.95719228, 0.19582756, 0.26386129, 0.59962198],\n",
       "       [0.58546197, 0.51742807, 0.21372183, 0.15707077, 0.1354164 ,\n",
       "        0.92653978, 0.92938397, 0.69886856, 0.59534705, 0.99779529,\n",
       "        0.24830338, 0.56454414, 0.56336078, 0.31459148, 0.7252508 ,\n",
       "        0.14658096, 0.47958145, 0.75938583, 0.06243012, 0.59404304,\n",
       "        0.55535591, 0.54150421, 0.65453131, 0.58570192, 0.39558277,\n",
       "        0.48178371, 0.84290235, 0.47215299, 0.99690204, 0.70971686,\n",
       "        0.22185533, 0.71326252, 0.39427684, 0.30283403, 0.08717807,\n",
       "        0.16079372, 0.38605342, 0.43912997, 0.4167476 , 0.72793408,\n",
       "        0.64121767, 0.92215088, 0.02436643, 0.94880636, 0.31780561],\n",
       "       [0.00274948, 0.27692952, 0.03431393, 0.07757076, 0.31084436,\n",
       "        0.12160676, 0.21948015, 0.07948946, 0.85402781, 0.9371917 ,\n",
       "        0.80130091, 0.63103612, 0.12169138, 0.20459374, 0.5483733 ,\n",
       "        0.7187551 , 0.30809475, 0.38437599, 0.39938563, 0.9624832 ,\n",
       "        0.68471072, 0.47785613, 0.60110283, 0.29331419, 0.21737581,\n",
       "        0.9646393 , 0.2274656 , 0.806312  , 0.30101921, 0.15299047,\n",
       "        0.40814953, 0.76458839, 0.75235967, 0.37062972, 0.44380126,\n",
       "        0.82463731, 0.90283227, 0.70349131, 0.15352615, 0.30748721,\n",
       "        0.25139021, 0.90687756, 0.7901206 , 0.11377441, 0.31687284]])"
      ]
     },
     "execution_count": 17,
     "metadata": {},
     "output_type": "execute_result"
    }
   ],
   "source": [
    "b = np.random.rand(10,45)\n",
    "b"
   ]
  },
  {
   "cell_type": "code",
   "execution_count": 20,
   "id": "b8a0d3c8-06b6-4478-b3e9-378c749601cd",
   "metadata": {},
   "outputs": [
    {
     "data": {
      "text/plain": [
       "array([[0.31687284, 0.11377441, 0.7901206 , 0.90687756, 0.25139021,\n",
       "        0.30748721, 0.15352615, 0.70349131, 0.90283227, 0.82463731,\n",
       "        0.44380126, 0.37062972, 0.75235967, 0.76458839, 0.40814953,\n",
       "        0.15299047, 0.30101921, 0.806312  , 0.2274656 , 0.9646393 ,\n",
       "        0.21737581, 0.29331419, 0.60110283, 0.47785613, 0.68471072,\n",
       "        0.9624832 , 0.39938563, 0.38437599, 0.30809475, 0.7187551 ,\n",
       "        0.5483733 , 0.20459374, 0.12169138, 0.63103612, 0.80130091,\n",
       "        0.9371917 , 0.85402781, 0.07948946, 0.21948015, 0.12160676,\n",
       "        0.31084436, 0.07757076, 0.03431393, 0.27692952, 0.00274948],\n",
       "       [0.31780561, 0.94880636, 0.02436643, 0.92215088, 0.64121767,\n",
       "        0.72793408, 0.4167476 , 0.43912997, 0.38605342, 0.16079372,\n",
       "        0.08717807, 0.30283403, 0.39427684, 0.71326252, 0.22185533,\n",
       "        0.70971686, 0.99690204, 0.47215299, 0.84290235, 0.48178371,\n",
       "        0.39558277, 0.58570192, 0.65453131, 0.54150421, 0.55535591,\n",
       "        0.59404304, 0.06243012, 0.75938583, 0.47958145, 0.14658096,\n",
       "        0.7252508 , 0.31459148, 0.56336078, 0.56454414, 0.24830338,\n",
       "        0.99779529, 0.59534705, 0.69886856, 0.92938397, 0.92653978,\n",
       "        0.1354164 , 0.15707077, 0.21372183, 0.51742807, 0.58546197],\n",
       "       [0.59962198, 0.26386129, 0.19582756, 0.95719228, 0.54276824,\n",
       "        0.61244328, 0.20143609, 0.95461375, 0.40085676, 0.38476805,\n",
       "        0.92601981, 0.41136743, 0.86367048, 0.26801547, 0.54515904,\n",
       "        0.93496955, 0.39395739, 0.89228439, 0.97153457, 0.75286057,\n",
       "        0.34585704, 0.11199665, 0.10205186, 0.81580646, 0.33436532,\n",
       "        0.05076599, 0.36662513, 0.62753361, 0.43114725, 0.26743206,\n",
       "        0.94047302, 0.23233939, 0.99354074, 0.0910423 , 0.87329059,\n",
       "        0.35602398, 0.44997828, 0.51305979, 0.6056428 , 0.89813675,\n",
       "        0.63530611, 0.54267777, 0.56300343, 0.16387383, 0.34297565],\n",
       "       [0.37784419, 0.29891169, 0.67603547, 0.54360263, 0.98945357,\n",
       "        0.42708974, 0.78903968, 0.01255233, 0.03520279, 0.74804078,\n",
       "        0.60526168, 0.92366052, 0.57550674, 0.5294222 , 0.06177866,\n",
       "        0.39614821, 0.03029599, 0.28884424, 0.1851122 , 0.10818131,\n",
       "        0.81330416, 0.87113083, 0.48908572, 0.82772192, 0.69128289,\n",
       "        0.88595968, 0.76457484, 0.39914978, 0.75200351, 0.33186556,\n",
       "        0.50989762, 0.9760458 , 0.41023933, 0.38263096, 0.95789088,\n",
       "        0.79721278, 0.49993533, 0.26898528, 0.76449413, 0.49323913,\n",
       "        0.17329662, 0.56959394, 0.03038699, 0.99458889, 0.75959803],\n",
       "       [0.35860905, 0.47870804, 0.04399547, 0.40945242, 0.33145426,\n",
       "        0.91643036, 0.20494849, 0.64342133, 0.69020552, 0.09522053,\n",
       "        0.26152131, 0.57881497, 0.80618972, 0.01099937, 0.34295157,\n",
       "        0.83681429, 0.18425209, 0.93358077, 0.96514945, 0.68808333,\n",
       "        0.55112856, 0.60043755, 0.63409036, 0.21501369, 0.52581496,\n",
       "        0.97992483, 0.07475802, 0.7596881 , 0.51302069, 0.37216733,\n",
       "        0.51687599, 0.65359567, 0.3745767 , 0.85477049, 0.84892514,\n",
       "        0.34855216, 0.62119239, 0.48611542, 0.94290095, 0.34812846,\n",
       "        0.96351181, 0.32116785, 0.06484341, 0.30041232, 0.7757722 ],\n",
       "       [0.41407809, 0.63765284, 0.92191348, 0.51981962, 0.72225788,\n",
       "        0.95688342, 0.29110902, 0.39065702, 0.99640644, 0.94510736,\n",
       "        0.62094309, 0.08481361, 0.23047746, 0.37755915, 0.51368601,\n",
       "        0.73068016, 0.06790519, 0.04901025, 0.68717691, 0.65153517,\n",
       "        0.943425  , 0.53183819, 0.1696116 , 0.45554764, 0.58749445,\n",
       "        0.46069588, 0.31417382, 0.71129808, 0.70564908, 0.67170987,\n",
       "        0.58205318, 0.10297389, 0.74347955, 0.87379096, 0.70175594,\n",
       "        0.77280084, 0.2379127 , 0.73334635, 0.79719443, 0.58407216,\n",
       "        0.71996855, 0.7947957 , 0.63076045, 0.17289635, 0.68580341],\n",
       "       [0.65779128, 0.14810566, 0.95121782, 0.57400846, 0.54851921,\n",
       "        0.62955659, 0.96706843, 0.38615751, 0.15281614, 0.57434794,\n",
       "        0.1011813 , 0.155108  , 0.54318364, 0.13969113, 0.66712107,\n",
       "        0.72556727, 0.43881388, 0.07002903, 0.15509189, 0.55883067,\n",
       "        0.48692254, 0.54558385, 0.53774799, 0.26036794, 0.64136093,\n",
       "        0.31939351, 0.04912679, 0.23850821, 0.12984635, 0.52354354,\n",
       "        0.10708923, 0.1304429 , 0.22914306, 0.85471109, 0.76434333,\n",
       "        0.33289226, 0.23899448, 0.82135207, 0.27380502, 0.30100186,\n",
       "        0.20988377, 0.25133395, 0.23520445, 0.65161733, 0.68667855],\n",
       "       [0.32218484, 0.10968226, 0.53831192, 0.92257608, 0.36242466,\n",
       "        0.25382328, 0.84688578, 0.48144229, 0.09945132, 0.77834335,\n",
       "        0.65045546, 0.05673862, 0.1675718 , 0.97071733, 0.30328783,\n",
       "        0.50304294, 0.1584239 , 0.36363891, 0.69999406, 0.80063338,\n",
       "        0.90431369, 0.20406164, 0.37060399, 0.17952122, 0.7565025 ,\n",
       "        0.6373243 , 0.0541707 , 0.14749689, 0.07814561, 0.42337961,\n",
       "        0.40544223, 0.65822445, 0.41722681, 0.33280419, 0.83968785,\n",
       "        0.62203811, 0.87874974, 0.89683783, 0.39739354, 0.37487191,\n",
       "        0.62651833, 0.85252568, 0.87988447, 0.46011949, 0.78299062],\n",
       "       [0.06908755, 0.11138884, 0.43452786, 0.64221209, 0.05157647,\n",
       "        0.32477134, 0.07540181, 0.25588274, 0.52860873, 0.30807572,\n",
       "        0.17655672, 0.46249715, 0.31047186, 0.67941423, 0.79207989,\n",
       "        0.4012729 , 0.96271056, 0.16720306, 0.87610607, 0.55453263,\n",
       "        0.43760505, 0.85188889, 0.83892073, 0.81520703, 0.50833609,\n",
       "        0.62648502, 0.23407113, 0.3742399 , 0.99827089, 0.07717931,\n",
       "        0.17115247, 0.35587782, 0.56038521, 0.63634906, 0.80356284,\n",
       "        0.40262408, 0.99121572, 0.92457567, 0.80331182, 0.24926631,\n",
       "        0.9115219 , 0.51545286, 0.58238272, 0.18770779, 0.76453363],\n",
       "       [0.32616535, 0.35747962, 0.94616112, 0.30754491, 0.25089555,\n",
       "        0.5842339 , 0.1129645 , 0.12322578, 0.05300233, 0.10654514,\n",
       "        0.38169642, 0.19803216, 0.5992877 , 0.32849456, 0.51896462,\n",
       "        0.40392847, 0.58832448, 0.64275741, 0.82316566, 0.6811554 ,\n",
       "        0.77395994, 0.2821446 , 0.08444519, 0.83841493, 0.41584333,\n",
       "        0.57214573, 0.59840717, 0.52374801, 0.06297217, 0.8591462 ,\n",
       "        0.32161881, 0.86078248, 0.88479479, 0.34794096, 0.32283052,\n",
       "        0.58460627, 0.43140199, 0.81309017, 0.83123012, 0.6311936 ,\n",
       "        0.02153146, 0.17817298, 0.98758166, 0.64491786, 0.80299084]])"
      ]
     },
     "execution_count": 20,
     "metadata": {},
     "output_type": "execute_result"
    }
   ],
   "source": [
    "c = np.flip(b)\n",
    "c"
   ]
  },
  {
   "cell_type": "code",
   "execution_count": 21,
   "id": "d2b3aeac-5be0-454f-a7eb-0409e15bb44b",
   "metadata": {},
   "outputs": [
    {
     "data": {
      "text/plain": [
       "array([[0.00274948, 0.27692952, 0.03431393, 0.07757076, 0.31084436,\n",
       "        0.12160676, 0.21948015, 0.07948946, 0.85402781, 0.9371917 ,\n",
       "        0.80130091, 0.63103612, 0.12169138, 0.20459374, 0.5483733 ,\n",
       "        0.7187551 , 0.30809475, 0.38437599, 0.39938563, 0.9624832 ,\n",
       "        0.68471072, 0.47785613, 0.60110283, 0.29331419, 0.21737581,\n",
       "        0.9646393 , 0.2274656 , 0.806312  , 0.30101921, 0.15299047,\n",
       "        0.40814953, 0.76458839, 0.75235967, 0.37062972, 0.44380126,\n",
       "        0.82463731, 0.90283227, 0.70349131, 0.15352615, 0.30748721,\n",
       "        0.25139021, 0.90687756, 0.7901206 , 0.11377441, 0.31687284],\n",
       "       [0.58546197, 0.51742807, 0.21372183, 0.15707077, 0.1354164 ,\n",
       "        0.92653978, 0.92938397, 0.69886856, 0.59534705, 0.99779529,\n",
       "        0.24830338, 0.56454414, 0.56336078, 0.31459148, 0.7252508 ,\n",
       "        0.14658096, 0.47958145, 0.75938583, 0.06243012, 0.59404304,\n",
       "        0.55535591, 0.54150421, 0.65453131, 0.58570192, 0.39558277,\n",
       "        0.48178371, 0.84290235, 0.47215299, 0.99690204, 0.70971686,\n",
       "        0.22185533, 0.71326252, 0.39427684, 0.30283403, 0.08717807,\n",
       "        0.16079372, 0.38605342, 0.43912997, 0.4167476 , 0.72793408,\n",
       "        0.64121767, 0.92215088, 0.02436643, 0.94880636, 0.31780561],\n",
       "       [0.34297565, 0.16387383, 0.56300343, 0.54267777, 0.63530611,\n",
       "        0.89813675, 0.6056428 , 0.51305979, 0.44997828, 0.35602398,\n",
       "        0.87329059, 0.0910423 , 0.99354074, 0.23233939, 0.94047302,\n",
       "        0.26743206, 0.43114725, 0.62753361, 0.36662513, 0.05076599,\n",
       "        0.33436532, 0.81580646, 0.10205186, 0.11199665, 0.34585704,\n",
       "        0.75286057, 0.97153457, 0.89228439, 0.39395739, 0.93496955,\n",
       "        0.54515904, 0.26801547, 0.86367048, 0.41136743, 0.92601981,\n",
       "        0.38476805, 0.40085676, 0.95461375, 0.20143609, 0.61244328,\n",
       "        0.54276824, 0.95719228, 0.19582756, 0.26386129, 0.59962198],\n",
       "       [0.75959803, 0.99458889, 0.03038699, 0.56959394, 0.17329662,\n",
       "        0.49323913, 0.76449413, 0.26898528, 0.49993533, 0.79721278,\n",
       "        0.95789088, 0.38263096, 0.41023933, 0.9760458 , 0.50989762,\n",
       "        0.33186556, 0.75200351, 0.39914978, 0.76457484, 0.88595968,\n",
       "        0.69128289, 0.82772192, 0.48908572, 0.87113083, 0.81330416,\n",
       "        0.10818131, 0.1851122 , 0.28884424, 0.03029599, 0.39614821,\n",
       "        0.06177866, 0.5294222 , 0.57550674, 0.92366052, 0.60526168,\n",
       "        0.74804078, 0.03520279, 0.01255233, 0.78903968, 0.42708974,\n",
       "        0.98945357, 0.54360263, 0.67603547, 0.29891169, 0.37784419],\n",
       "       [0.7757722 , 0.30041232, 0.06484341, 0.32116785, 0.96351181,\n",
       "        0.34812846, 0.94290095, 0.48611542, 0.62119239, 0.34855216,\n",
       "        0.84892514, 0.85477049, 0.3745767 , 0.65359567, 0.51687599,\n",
       "        0.37216733, 0.51302069, 0.7596881 , 0.07475802, 0.97992483,\n",
       "        0.52581496, 0.21501369, 0.63409036, 0.60043755, 0.55112856,\n",
       "        0.68808333, 0.96514945, 0.93358077, 0.18425209, 0.83681429,\n",
       "        0.34295157, 0.01099937, 0.80618972, 0.57881497, 0.26152131,\n",
       "        0.09522053, 0.69020552, 0.64342133, 0.20494849, 0.91643036,\n",
       "        0.33145426, 0.40945242, 0.04399547, 0.47870804, 0.35860905],\n",
       "       [0.68580341, 0.17289635, 0.63076045, 0.7947957 , 0.71996855,\n",
       "        0.58407216, 0.79719443, 0.73334635, 0.2379127 , 0.77280084,\n",
       "        0.70175594, 0.87379096, 0.74347955, 0.10297389, 0.58205318,\n",
       "        0.67170987, 0.70564908, 0.71129808, 0.31417382, 0.46069588,\n",
       "        0.58749445, 0.45554764, 0.1696116 , 0.53183819, 0.943425  ,\n",
       "        0.65153517, 0.68717691, 0.04901025, 0.06790519, 0.73068016,\n",
       "        0.51368601, 0.37755915, 0.23047746, 0.08481361, 0.62094309,\n",
       "        0.94510736, 0.99640644, 0.39065702, 0.29110902, 0.95688342,\n",
       "        0.72225788, 0.51981962, 0.92191348, 0.63765284, 0.41407809],\n",
       "       [0.68667855, 0.65161733, 0.23520445, 0.25133395, 0.20988377,\n",
       "        0.30100186, 0.27380502, 0.82135207, 0.23899448, 0.33289226,\n",
       "        0.76434333, 0.85471109, 0.22914306, 0.1304429 , 0.10708923,\n",
       "        0.52354354, 0.12984635, 0.23850821, 0.04912679, 0.31939351,\n",
       "        0.64136093, 0.26036794, 0.53774799, 0.54558385, 0.48692254,\n",
       "        0.55883067, 0.15509189, 0.07002903, 0.43881388, 0.72556727,\n",
       "        0.66712107, 0.13969113, 0.54318364, 0.155108  , 0.1011813 ,\n",
       "        0.57434794, 0.15281614, 0.38615751, 0.96706843, 0.62955659,\n",
       "        0.54851921, 0.57400846, 0.95121782, 0.14810566, 0.65779128],\n",
       "       [0.78299062, 0.46011949, 0.87988447, 0.85252568, 0.62651833,\n",
       "        0.37487191, 0.39739354, 0.89683783, 0.87874974, 0.62203811,\n",
       "        0.83968785, 0.33280419, 0.41722681, 0.65822445, 0.40544223,\n",
       "        0.42337961, 0.07814561, 0.14749689, 0.0541707 , 0.6373243 ,\n",
       "        0.7565025 , 0.17952122, 0.37060399, 0.20406164, 0.90431369,\n",
       "        0.80063338, 0.69999406, 0.36363891, 0.1584239 , 0.50304294,\n",
       "        0.30328783, 0.97071733, 0.1675718 , 0.05673862, 0.65045546,\n",
       "        0.77834335, 0.09945132, 0.48144229, 0.84688578, 0.25382328,\n",
       "        0.36242466, 0.92257608, 0.53831192, 0.10968226, 0.32218484],\n",
       "       [0.76453363, 0.18770779, 0.58238272, 0.51545286, 0.9115219 ,\n",
       "        0.24926631, 0.80331182, 0.92457567, 0.99121572, 0.40262408,\n",
       "        0.80356284, 0.63634906, 0.56038521, 0.35587782, 0.17115247,\n",
       "        0.07717931, 0.99827089, 0.3742399 , 0.23407113, 0.62648502,\n",
       "        0.50833609, 0.81520703, 0.83892073, 0.85188889, 0.43760505,\n",
       "        0.55453263, 0.87610607, 0.16720306, 0.96271056, 0.4012729 ,\n",
       "        0.79207989, 0.67941423, 0.31047186, 0.46249715, 0.17655672,\n",
       "        0.30807572, 0.52860873, 0.25588274, 0.07540181, 0.32477134,\n",
       "        0.05157647, 0.64221209, 0.43452786, 0.11138884, 0.06908755],\n",
       "       [0.80299084, 0.64491786, 0.98758166, 0.17817298, 0.02153146,\n",
       "        0.6311936 , 0.83123012, 0.81309017, 0.43140199, 0.58460627,\n",
       "        0.32283052, 0.34794096, 0.88479479, 0.86078248, 0.32161881,\n",
       "        0.8591462 , 0.06297217, 0.52374801, 0.59840717, 0.57214573,\n",
       "        0.41584333, 0.83841493, 0.08444519, 0.2821446 , 0.77395994,\n",
       "        0.6811554 , 0.82316566, 0.64275741, 0.58832448, 0.40392847,\n",
       "        0.51896462, 0.32849456, 0.5992877 , 0.19803216, 0.38169642,\n",
       "        0.10654514, 0.05300233, 0.12322578, 0.1129645 , 0.5842339 ,\n",
       "        0.25089555, 0.30754491, 0.94616112, 0.35747962, 0.32616535]])"
      ]
     },
     "execution_count": 21,
     "metadata": {},
     "output_type": "execute_result"
    }
   ],
   "source": [
    "b[::-1]"
   ]
  },
  {
   "cell_type": "code",
   "execution_count": 23,
   "id": "6e19276a-0449-4a1b-8924-cdec9278dfb8",
   "metadata": {},
   "outputs": [
    {
     "data": {
      "text/plain": [
       "array([[1, 2, 3],\n",
       "       [4, 5, 6],\n",
       "       [7, 8, 9]])"
      ]
     },
     "execution_count": 23,
     "metadata": {},
     "output_type": "execute_result"
    }
   ],
   "source": [
    "c = np.array([[1,2,3],[4,5,6],[7,8,9]])\n",
    "c"
   ]
  },
  {
   "cell_type": "code",
   "execution_count": 24,
   "id": "a946dbcf-7fd3-4827-93fa-d3b925a1d191",
   "metadata": {},
   "outputs": [
    {
     "ename": "ValueError",
     "evalue": "cannot reshape array of size 9 into shape (2,3)",
     "output_type": "error",
     "traceback": [
      "\u001b[1;31m---------------------------------------------------------------------------\u001b[0m",
      "\u001b[1;31mValueError\u001b[0m                                Traceback (most recent call last)",
      "Cell \u001b[1;32mIn[24], line 1\u001b[0m\n\u001b[1;32m----> 1\u001b[0m d \u001b[38;5;241m=\u001b[39m \u001b[43mc\u001b[49m\u001b[38;5;241;43m.\u001b[39;49m\u001b[43mreshape\u001b[49m\u001b[43m(\u001b[49m\u001b[43m(\u001b[49m\u001b[38;5;241;43m2\u001b[39;49m\u001b[43m,\u001b[49m\u001b[38;5;241;43m3\u001b[39;49m\u001b[43m)\u001b[49m\u001b[43m)\u001b[49m\n\u001b[0;32m      2\u001b[0m d\n",
      "\u001b[1;31mValueError\u001b[0m: cannot reshape array of size 9 into shape (2,3)"
     ]
    }
   ],
   "source": [
    "d = c.reshape((2,3))\n",
    "d"
   ]
  },
  {
   "cell_type": "code",
   "execution_count": 25,
   "id": "78951109-ee08-402b-a815-db7eb8e8da6c",
   "metadata": {},
   "outputs": [
    {
     "ename": "ValueError",
     "evalue": "cannot reshape array of size 9 into shape (2,2)",
     "output_type": "error",
     "traceback": [
      "\u001b[1;31m---------------------------------------------------------------------------\u001b[0m",
      "\u001b[1;31mValueError\u001b[0m                                Traceback (most recent call last)",
      "Cell \u001b[1;32mIn[25], line 1\u001b[0m\n\u001b[1;32m----> 1\u001b[0m d \u001b[38;5;241m=\u001b[39m \u001b[43mc\u001b[49m\u001b[38;5;241;43m.\u001b[39;49m\u001b[43mreshape\u001b[49m\u001b[43m(\u001b[49m\u001b[43m(\u001b[49m\u001b[38;5;241;43m2\u001b[39;49m\u001b[43m,\u001b[49m\u001b[38;5;241;43m2\u001b[39;49m\u001b[43m)\u001b[49m\u001b[43m)\u001b[49m\n\u001b[0;32m      2\u001b[0m d\n",
      "\u001b[1;31mValueError\u001b[0m: cannot reshape array of size 9 into shape (2,2)"
     ]
    }
   ],
   "source": [
    "d = c.reshape((2,2))\n",
    "d"
   ]
  },
  {
   "cell_type": "code",
   "execution_count": 26,
   "id": "f441139c-9222-4294-92a9-9b1cea176a75",
   "metadata": {},
   "outputs": [
    {
     "data": {
      "text/plain": [
       "array([[1, 2]])"
      ]
     },
     "execution_count": 26,
     "metadata": {},
     "output_type": "execute_result"
    }
   ],
   "source": [
    "r = np.array([[1,2]])\n",
    "r"
   ]
  },
  {
   "cell_type": "code",
   "execution_count": 27,
   "id": "f43c5c9f-4620-417c-bf9d-0ea6cb4f003d",
   "metadata": {},
   "outputs": [
    {
     "data": {
      "text/plain": [
       "array([1, 2, 3, 4])"
      ]
     },
     "execution_count": 27,
     "metadata": {},
     "output_type": "execute_result"
    }
   ],
   "source": [
    "t = np.arange(1,5)\n",
    "t"
   ]
  },
  {
   "cell_type": "code",
   "execution_count": 28,
   "id": "59afdbad-3bce-413f-8362-464be79e6a65",
   "metadata": {},
   "outputs": [
    {
     "data": {
      "text/plain": [
       "array([1, 2, 0, 3, 4, 0])"
      ]
     },
     "execution_count": 28,
     "metadata": {},
     "output_type": "execute_result"
    }
   ],
   "source": [
    "t = np.array([1,2,0,3,4,0])\n",
    "t"
   ]
  },
  {
   "cell_type": "code",
   "execution_count": 29,
   "id": "68841913-41bd-44aa-bc09-0ea4a50a2b82",
   "metadata": {},
   "outputs": [
    {
     "data": {
      "text/plain": [
       "(array([], dtype=int64),)"
      ]
     },
     "execution_count": 29,
     "metadata": {},
     "output_type": "execute_result"
    }
   ],
   "source": [
    "c = np.where(a!=0)\n",
    "c"
   ]
  },
  {
   "cell_type": "code",
   "execution_count": 30,
   "id": "4bcd19aa-ddb1-4410-a5ae-b825586a45f7",
   "metadata": {},
   "outputs": [
    {
     "data": {
      "text/plain": [
       "(array([0, 1, 3, 4], dtype=int64),)"
      ]
     },
     "execution_count": 30,
     "metadata": {},
     "output_type": "execute_result"
    }
   ],
   "source": [
    "t = np.array([1,2,0,3,4,0])\n",
    "y = np.nonzero(t)\n",
    "y"
   ]
  },
  {
   "cell_type": "code",
   "execution_count": 34,
   "id": "ededcb79-5b04-4a04-bc18-604943794ca9",
   "metadata": {},
   "outputs": [],
   "source": [
    "import os"
   ]
  },
  {
   "cell_type": "code",
   "execution_count": null,
   "id": "a904e50b-61a4-47b4-ae66-8e68fcdb2c14",
   "metadata": {},
   "outputs": [],
   "source": [
    "path = Untitled Folder/aa.txt\n",
    "with open('aa.txt', 'r') as file:\n",
    "    data = file.read()\n",
    "print(data)"
   ]
  },
  {
   "cell_type": "code",
   "execution_count": 35,
   "id": "4b4de481-7836-4157-9603-fcff0254d5da",
   "metadata": {},
   "outputs": [
    {
     "ename": "AttributeError",
     "evalue": "module 'os' has no attribute 'dir'",
     "output_type": "error",
     "traceback": [
      "\u001b[1;31m---------------------------------------------------------------------------\u001b[0m",
      "\u001b[1;31mAttributeError\u001b[0m                            Traceback (most recent call last)",
      "Cell \u001b[1;32mIn[35], line 1\u001b[0m\n\u001b[1;32m----> 1\u001b[0m \u001b[43mos\u001b[49m\u001b[38;5;241;43m.\u001b[39;49m\u001b[43mdir\u001b[49m(path)\n",
      "\u001b[1;31mAttributeError\u001b[0m: module 'os' has no attribute 'dir'"
     ]
    }
   ],
   "source": [
    "os.dir(path)"
   ]
  },
  {
   "cell_type": "code",
   "execution_count": null,
   "id": "66d84e9f-de79-4cc9-a7b7-f195642e1292",
   "metadata": {},
   "outputs": [],
   "source": [
    "os.ldir"
   ]
  },
  {
   "cell_type": "code",
   "execution_count": null,
   "id": "07826598-dfcd-4dec-8b60-182622282a97",
   "metadata": {},
   "outputs": [],
   "source": []
  },
  {
   "cell_type": "code",
   "execution_count": 36,
   "id": "15cc1c20-5cc5-48bc-a8c3-59d8f5c2f1a5",
   "metadata": {},
   "outputs": [],
   "source": [
    "sub = lambda x,y:x-y"
   ]
  },
  {
   "cell_type": "code",
   "execution_count": 37,
   "id": "cb9b44db-ede1-47b9-a58a-c170571cbbca",
   "metadata": {},
   "outputs": [
    {
     "data": {
      "text/plain": [
       "5"
      ]
     },
     "execution_count": 37,
     "metadata": {},
     "output_type": "execute_result"
    }
   ],
   "source": [
    "sub(10,5)"
   ]
  },
  {
   "cell_type": "code",
   "execution_count": 39,
   "id": "47fcaf89-9e9d-4e7f-ba17-ce5f6b4b22ae",
   "metadata": {},
   "outputs": [
    {
     "data": {
      "text/plain": [
       "{1: 'A', 2: 'B', 3: 'C'}"
      ]
     },
     "execution_count": 39,
     "metadata": {},
     "output_type": "execute_result"
    }
   ],
   "source": [
    "a = [1,2,3]\n",
    "b = ['A','B','C']\n",
    "d = dict(zip(a,b))\n",
    "d"
   ]
  },
  {
   "cell_type": "code",
   "execution_count": null,
   "id": "f7b039cd-d8bf-494c-8754-0dded4027ac2",
   "metadata": {},
   "outputs": [],
   "source": []
  },
  {
   "cell_type": "code",
   "execution_count": null,
   "id": "198e2300-052e-41a7-afe9-97facebb45bb",
   "metadata": {},
   "outputs": [],
   "source": []
  },
  {
   "cell_type": "code",
   "execution_count": null,
   "id": "d4f0efad-fdf6-43ac-a80c-cb2289d11139",
   "metadata": {},
   "outputs": [],
   "source": []
  },
  {
   "cell_type": "code",
   "execution_count": null,
   "id": "fde9e5d1-a006-4839-9502-b486ca00224f",
   "metadata": {},
   "outputs": [],
   "source": []
  },
  {
   "cell_type": "code",
   "execution_count": null,
   "id": "737413e8-61dd-4f52-9c9d-1772e74e057d",
   "metadata": {},
   "outputs": [],
   "source": []
  },
  {
   "cell_type": "code",
   "execution_count": null,
   "id": "039bada6-f0eb-4f8e-9b07-02ec662067a6",
   "metadata": {},
   "outputs": [],
   "source": []
  },
  {
   "cell_type": "code",
   "execution_count": null,
   "id": "29eb275c-0af8-4481-8f63-9f51dcf69eaa",
   "metadata": {},
   "outputs": [],
   "source": []
  },
  {
   "cell_type": "code",
   "execution_count": null,
   "id": "6a5dba89-1187-47ae-9c05-8fbeb43c811c",
   "metadata": {},
   "outputs": [],
   "source": []
  }
 ],
 "metadata": {
  "kernelspec": {
   "display_name": "Python 3 (ipykernel)",
   "language": "python",
   "name": "python3"
  },
  "language_info": {
   "codemirror_mode": {
    "name": "ipython",
    "version": 3
   },
   "file_extension": ".py",
   "mimetype": "text/x-python",
   "name": "python",
   "nbconvert_exporter": "python",
   "pygments_lexer": "ipython3",
   "version": "3.10.11"
  }
 },
 "nbformat": 4,
 "nbformat_minor": 5
}
